[gd_scene load_steps=12 format=3 uid="uid://d1l1d8loe8sk"]

[ext_resource type="Script" path="res://scenes/levels/level_test.gd" id="1_gagw7"]
[ext_resource type="PackedScene" uid="uid://wmneqtrr14xw" path="res://scenes/objects/Plate.tscn" id="1_v4wu8"]
[ext_resource type="PackedScene" uid="uid://dh1ib1pxbhf56" path="res://scenes/objects/Bowl.tscn" id="3_lrle6"]
[ext_resource type="PackedScene" uid="uid://ds56erayxr5gl" path="res://scenes/objects/PlateBaru.tscn" id="3_mbf1p"]
[ext_resource type="Script" path="res://scenes/levels/static_body_3d.gd" id="5_ld6py"]
[ext_resource type="PackedScene" uid="uid://cfj1fxa66h0lq" path="res://scenes/objects/TutupBaru.tscn" id="5_oap6m"]
[ext_resource type="PackedScene" uid="uid://dyslt4nw1cy6c" path="res://scenes/objects/Bowl_jago.tscn" id="7_bwvci"]

[sub_resource type="ProceduralSkyMaterial" id="ProceduralSkyMaterial_sok26"]
sky_horizon_color = Color(0.64625, 0.65575, 0.67075, 1)
ground_horizon_color = Color(0.64625, 0.65575, 0.67075, 1)

[sub_resource type="Sky" id="Sky_fp47q"]
sky_material = SubResource("ProceduralSkyMaterial_sok26")

[sub_resource type="Environment" id="Environment_mdw87"]
background_mode = 2
sky = SubResource("Sky_fp47q")
tonemap_mode = 2

[sub_resource type="StandardMaterial3D" id="StandardMaterial3D_04vag"]
albedo_color = Color(0.403922, 0.0823529, 0.101961, 1)

[node name="LevelTest" type="Node3D" node_paths=PackedStringArray("camera", "cameras", "csgTutupSaji")]
script = ExtResource("1_gagw7")
camera = NodePath("Camera3D")
cameras = [NodePath("Camera3D"), NodePath("Camera3D2"), NodePath("Camera3D3"), NodePath("Camera3D5")]
csgTutupSaji = NodePath("StaticBody3D/TutupBaru")

[node name="WorldEnvironment" type="WorldEnvironment" parent="."]
environment = SubResource("Environment_mdw87")

[node name="DirectionalLight3D" type="DirectionalLight3D" parent="."]
transform = Transform3D(1, 0, 0, 0, 1.19249e-08, 1, 0, -1, 1.19249e-08, 1.16282, 13.2168, -1.33184)
shadow_enabled = true

[node name="Plate" parent="." instance=ExtResource("1_v4wu8")]
transform = Transform3D(1, 0, 0, 0, 0.555309, -0.831644, 0, 0.831644, 0.555309, 0.989606, 5, -2.95593)

[node name="Plate2" parent="." instance=ExtResource("1_v4wu8")]
transform = Transform3D(1, 0, 0, 0, 0.555309, -0.831644, 0, 0.831644, 0.555309, 0.989606, 4, -2.95593)

[node name="Plate3" parent="." instance=ExtResource("3_mbf1p")]
transform = Transform3D(1, 0, 0, 0, 1, 0, 0, 0, 1, 3, 3, -2)

[node name="Plate4" parent="." instance=ExtResource("3_mbf1p")]
transform = Transform3D(1, 0, 0, 0, 1, 0, 0, 0, 1, 0, 3, -1)

[node name="Plate5" parent="." instance=ExtResource("3_mbf1p")]
transform = Transform3D(1, 0, 0, 0, 1, 0, 0, 0, 1, -2, 3, -1)

[node name="Plate6" parent="." instance=ExtResource("3_mbf1p")]
transform = Transform3D(1, 0, 0, 0, 1, 0, 0, 0, 1, 2, 3, -1)

[node name="Camera3D5" type="Camera3D" parent="."]
transform = Transform3D(-1, -2.26267e-08, 8.44439e-08, 8.44439e-08, 8.9407e-08, 1, -2.26267e-08, 1, -8.9407e-08, 0, 8, -2)
fov = 54.9403

[node name="Camera3D2" type="Camera3D" parent="."]
transform = Transform3D(-0.258819, 0.25, -0.933013, 0, 0.965926, 0.258819, 0.965926, 0.0669873, -0.25, -6, 3, -3)
fov = 54.9403

[node name="Camera3D3" type="Camera3D" parent="."]
transform = Transform3D(-0.258819, -0.25, 0.933013, 7.19671e-09, 0.965926, 0.258819, -0.965926, 0.0669873, -0.25, 5, 3, -3)
fov = 54.9403

[node name="CSGCombiner3D" type="CSGCombiner3D" parent="."]
transform = Transform3D(1, 0, 0, 0, 1, 0, 0, 0, 1, 0, -0.500637, 0)
use_collision = true

[node name="CSGBox3D" type="CSGBox3D" parent="CSGCombiner3D"]
transform = Transform3D(1, 0, 0, 0, 1, 0, 0, 0, 1, -1.03284, 0, -3.57141)
use_collision = true
size = Vector3(27.1559, 1, 15.5615)
material = SubResource("StandardMaterial3D_04vag")

[node name="Bowl" parent="." instance=ExtResource("3_lrle6")]
transform = Transform3D(1, 0, 0, 0, 0.997879, 0.0650898, 0, -0.0650898, 0.997879, -3.20742, 2.11942, 0.395087)

[node name="Bowl2" parent="." instance=ExtResource("3_lrle6")]
transform = Transform3D(1, 0, 0, 0, 0.997879, 0.0650898, 0, -0.0650898, 0.997879, -2.20742, 2.11942, 0.395087)

[node name="Bowl3" parent="." instance=ExtResource("3_lrle6")]
transform = Transform3D(1, 0, 0, 0, 0.997879, 0.0650898, 0, -0.0650898, 0.997879, -1.20742, 3.11942, 0.395087)

[node name="Camera3D" type="Camera3D" parent="."]
transform = Transform3D(1, 0, 0, 0, 0.965926, 0.258819, 0, -0.258819, 0.965926, 0, 3.43232, 6)
fov = 54.9403

[node name="StaticBody3D" type="StaticBody3D" parent="."]
transform = Transform3D(1, 0, 0, 0, 1, 0, 0, 0, 1, 0.674061, 7.38772, -2.34861)
script = ExtResource("5_ld6py")

[node name="TutupBaru" parent="StaticBody3D" instance=ExtResource("5_oap6m")]

[node name="BowlJago" parent="." instance=ExtResource("7_bwvci")]
transform = Transform3D(1, 0, 0, 0, -4.37114e-08, 1, 0, -1, -4.37114e-08, -2.01536, 2.57891, 1.26242)

[node name="BowlJago2" parent="." instance=ExtResource("7_bwvci")]
transform = Transform3D(1, 0, 0, 0, -4.37114e-08, 1, 0, -1, -4.37114e-08, -2.01536, 3.04074, 0.544109)
